intrinsics:
  - [1713.26283, 0.0, 1267.16548]
  - [0.0, 1712.01684, 1066.52107]
  - [0, 0, 1]
dist_coeffs:
  - 17.0168395
  - -4.9100268
  - -0.00175329962
  - -0.0000480750653
  - -1.21918723
  - 17.6062725
  - 2.0256208
  - -4.358901

img_width: 2592
img_height: 1944

root_path: '../data/raw'
src_index: 0
dst_index: 3